bistro
'path2_seg2_1': [[60, 720], [80, 720], [80, 1080], [80, 1080]]
'path2_seg2_2': [[90, 480], [110, 720], [120, 720], [120, 720]], 
'path2_seg2_3': [[120, 360], [120, 480], [120, 480], [120, 720]]
p1_bistro_path2_seg2_3_500
'path1_seg1_1': [[30, 1080], [40, 1080], [50, 1080], [50, 1080]], 
'path1_seg1_2': [[70, 720], [80, 720], [80, 1080], [80, 1080]],
'path1_seg1_3': [[120, 480], [120, 720], [120, 720], [120, 720]]



gallery
'path4_seg3_1': [[50, 720], [70, 720], [80, 720], [80, 720]]
'path4_seg3_2': [[110, 480], [120, 480], [120, 720], [120, 720]],
'path4_seg3_3': [[120, 360], [120, 480], [120, 480], [120, 480]]

sibenik
'path4_seg3_1': [[70, 720], [90, 720], [100, 720], [120, 720]]
'path4_seg3_2': [[120, 360], [120, 480], [120, 720], [120, 720]]
'path4_seg3_3': [[120, 480], [120, 480], [120, 480], [120, 480]]